Parameter containing:
tensor([[-4.0947e-01,  2.1440e-01, -1.3488e-01, -4.5600e-01,  2.4485e-01,
         -9.0761e-03, -4.2986e-02,  3.0773e-01],
        [-2.6042e-01, -6.6364e-02,  1.6467e-01, -6.2764e-01,  1.9393e-01,
          1.4930e-01, -3.7862e-01, -9.4530e-02],
        [ 1.8014e-01, -6.6262e-02, -1.0196e-01, -1.2613e-01,  2.5919e-01,
          3.0960e-01,  5.4255e-01,  6.4121e-01],
        [ 2.0753e-02, -1.1149e-01, -1.7231e-01, -2.3855e-01, -8.4234e-02,
          3.8251e-02,  3.9788e-01, -1.0785e-01],
        [-2.7110e-01,  1.5474e-01, -1.9589e-01, -9.6741e-02,  7.3760e-02,
         -5.0965e-01, -5.7875e-01, -5.2632e-01],
        [ 1.5911e-01,  6.5422e-03, -1.1567e-01,  7.5723e-03,  3.4204e-01,
         -2.9392e-01, -3.7270e-01, -1.2180e-01],
        [ 5.4779e-01,  7.4568e-01,  5.2766e-01, -6.4662e-01, -2.9656e-01,
         -9.5528e-01, -1.3322e+00, -1.2710e+00],
        [ 2.4660e-02, -8.1794e-01, -3.3690e-02,  7.2029e-01, -8.1306e-01,
         -3.0399e-01,  1.3112e+00, -5.8751e-02],
        [-5.7239e-03, -2.6808e-01, -2.9984e-01,  5.2633e-01, -6.9232e-01,
         -5.9282e-02,  8.1571e-01, -2.3621e-01],
        [-7.6510e-02, -5.3671e-01, -1.8521e-04,  5.5552e-01, -4.0890e-01,
          2.6909e-02,  7.1929e-01,  1.5856e-01]], requires_grad=True)
Parameter containing:
tensor([-0.1214, -0.2380,  0.0255, -0.2088, -0.1513, -0.3458, -0.0313, -0.5114,
        -0.1418, -0.1250], requires_grad=True)
Parameter containing:
tensor([[ 2.5253e-01,  3.7251e-01,  3.0284e-01,  1.9684e-01, -2.5675e-02,
         -1.5239e-01,  1.5316e-02,  5.8091e-01,  1.2564e-01,  3.5004e-01],
        [ 7.7121e-01,  7.6298e-01, -9.4717e-02, -8.2031e-02,  5.0649e-01,
          4.0287e-01,  1.9343e+00, -1.3640e+00, -8.7434e-01, -6.5111e-01],
        [ 4.6268e-01,  2.1053e-02,  2.4473e-01,  1.0258e-01,  4.7050e-01,
         -1.6747e-03, -3.0135e-01,  4.5364e-01,  3.5505e-01,  2.2028e-01],
        [ 1.0286e-01,  2.2710e-01,  1.3947e-01,  1.1453e-01,  2.0916e-01,
          2.2347e-01, -3.8938e-01,  4.4164e-01,  5.0772e-01,  5.5882e-01],
        [-5.0000e-02,  1.3057e-02,  4.6210e-01,  4.3568e-01, -5.0805e-02,
          3.7570e-01, -4.2921e-01,  5.4497e-01,  5.5066e-01,  5.3992e-01],
        [ 4.3685e-01, -2.2427e-01,  4.9462e-01,  1.9993e-01, -1.7974e-01,
          2.7472e-01, -1.8738e-01,  2.3552e-01,  1.0389e-01,  6.0109e-01],
        [ 3.6180e-01, -7.7730e-02,  5.5868e-01,  7.5834e-02, -4.8647e-02,
         -1.0032e-02, -3.5391e-01,  3.0760e-01,  1.7464e-01,  5.8206e-01],
        [ 3.7388e-01, -2.2102e-02,  5.3272e-01,  4.7835e-02, -1.2775e-01,
         -4.5063e-02, -3.7597e-01,  2.6243e-01,  4.1269e-01,  4.3925e-01],
        [ 3.8755e-01,  6.8018e-02,  5.7893e-02,  3.3122e-01,  3.7622e-01,
          2.2409e-01,  3.0260e-01, -1.9459e-01,  3.1539e-01,  3.0022e-01],
        [ 3.7127e-02,  2.8867e-01,  8.2409e-02,  1.3945e-01,  4.8530e-01,
          4.1987e-01,  8.6991e-01, -6.0064e-01, -3.2167e-01,  1.9719e-01]],
       requires_grad=True)
Parameter containing:
tensor([0.5202, 0.5082, 0.4116, 0.3860, 0.2037, 0.5099, 0.5107, 0.5449, 0.5699,
        0.5484], requires_grad=True)
Parameter containing:
tensor([[ 0.2540, -1.5292,  0.3498,  0.4654,  0.6147,  0.3937,  0.4629,  0.5008,
         -0.1167, -0.7110]], requires_grad=True)
Parameter containing:
tensor([0.1849], requires_grad=True)
